862062
862414
862788
863188
863570
863960
864352
864826
865276
865754
866198
866668
867164
867650
868142
868644
869156
869674
870190
870748
871274
869036
869548
870070
870600
871110
863604
863998
864398
864882
865336
865818
866770
867268
867764
868270
868776
869314
869836
870390
870926
863604
863998
864398
864882
865336
865818
866770
867268
867764
868270
868776
869314
869836
870390
870926
861996
862258
862620
863014
863388
863776
864176
864626
865080
865552
865998
866474
866948
867444
867942
868438
868952
869460
869988
870542
871064
861886
862222
862582
862962
863340
863726
864588
865040
865510
865958
866432
866908
867402
867898
868392
868900
869290
869814
870364
870888
861886
862222
862582
862962
863340
863726
864588
865040
865510
865958
866432
866908
867402
867898
868392
868900
869290
869814
870364
870888
861712
862070
862426
862756
863148
863532
863926
864320
864790
865222
865704
866156
866624
867120
867606
868100
868596
869112
869632
870150
870670
871194
861712
862070
862426
862756
863148
863532
863926
864320
864790
865222
865704
866156
866624
867120
867606
868100
868596
869112
869632
870150
870670
871194
861942
862386
862730
863130
863518
863904
864300
864768
865202
865674
866134
866600
867092
867580
868082
868576
869088
869604
870132
870652
871178
862184
862538
862920
863300
863684
864086
864494
864982
865440
866350
866728
867230
867724
868218
868720
869234
869760
870834
861712
862070
862426
862756
863148
863532
863926
864320
864790
865222
865704
866156
866624
867120
867606
868100
868596
869112
869632
870150
870670
871194
861712
862070
862426
862756
863148
863532
863926
864320
864790
865222
865704
866156
866624
867120
867606
868100
868596
869112
869632
870150
870670
871194
862184
862538
862920
863300
863684
864086
864494
864982
865440
866350
866728
867230
867724
868218
868720
869234
869760
870834
861712
862070
862426
862756
863148
863532
863926
864320
864790
865222
865704
866156
866624
867120
867606
868100
868596
869112
869632
870150
870670
871194
861712
862070
862426
862756
863148
863532
863926
864320
864790
865222
865704
866156
866624
867120
867606
868100
868596
869112
869632
870150
870670
871194
861712
862070
862426
862756
863148
863532
863926
864320
864790
865222
865704
866156
866624
867120
867606
868100
868596
869112
869632
870150
870670
871194
862184
862538
862920
863300
863684
864086
864494
864982
865440
866350
866728
867230
867724
868218
868720
869234
869760
870834
861712
862070
862426
862756
863148
863532
863926
864320
864790
865222
865704
866156
866624
867120
867606
868100
868596
869112
869632
870150
870670
871194
862030
862298
862660
863054
863434
863818
864224
864696
865130
865606
866054
866530
867016
868006
868496
869014
869528
870052
870568
871098
861932
862314
862672
863056
863432
863828
864236
864708
865136
865614
866068
866538
867026
867518
868016
868506
869022
869532
870060
870596
871108
861924
862378
862776
863166
863554
863942
864338
864804
865254
865720
866180
866642
867140
867624
868122
868616
869134
869642
870168
870690
871218
862184
862538
862920
863300
863684
864086
864494
864982
865440
866350
866728
867230
867724
868218
868720
869234
869760
870834
862030
862298
862660
863054
863434
863818
864224
864696
865130
865606
866054
866530
867016
868006
868496
869014
869528
870052
870568
871098
861712
862070
862426
862756
863148
863532
863926
864320
864790
865222
865704
866156
866624
867120
867606
868100
868596
869112
869632
870150
870670
871194
862030
862298
862660
863054
863434
863818
864224
864696
865130
865606
866054
866530
867016
868006
868496
869014
869528
870052
870568
871098
861886
862222
862582
862962
863340
863726
864588
865040
865510
865958
866432
866908
867402
867898
868392
868900
869290
869814
870364
870888
862184
862538
862920
863300
863684
864086
864494
864982
865440
866350
866728
867230
867724
868218
868720
869234
869760
870834
862030
862298
862660
863054
863434
863818
864224
864696
865130
865606
866054
866530
867016
868006
868496
869014
869528
870052
870568
871098
861712
862070
862426
862756
863148
863532
863926
864320
864790
865222
865704
866156
866624
867120
867606
868100
868596
869112
869632
870150
870670
871194
862184
862538
862920
863300
863684
864086
864494
864982
865440
866350
866728
867230
867724
868218
868720
869234
869760
870834
861712
862070
862426
862756
863148
863532
863926
864320
864790
865222
865704
866156
866624
867120
867606
868100
868596
869112
869632
870150
870670
871194
862184
862538
862920
863300
863684
864086
864494
864982
865440
866350
866728
867230
867724
868218
868720
869234
869760
870834
861712
862070
862426
862756
863148
863532
863926
864320
864790
865222
865704
866156
866624
867120
867606
868100
868596
869112
869632
870150
870670
871194
868442
868946
869480
869984
870540
871070
862052
862336
862688
863088
863460
863848
864256
864720
865160
865634
866090
866552
867044
867538
868030
868534
869044
869558
870080
870602
871130
862158
862456
862804
863198
863588
863984
864382
864870
865248
865656
866110
866580
867072
867560
868058
868552
869068
869580
870104
870628
871154
862188
862524
862554
862912
862936
863276
863308
863662
863694
864072
864090
864472
864500
864954
864988
865314
865446
865804
865898
866266
866358
866738
866748
867236
867250
867736
867742
868236
868228
868730
868740
869240
869252
869770
869774
870320
870326
870840
870850
861956
862322
862678
863076
863448
863836
864246
864726
865146
865618
866066
866542
867024
867528
868014
868520
869034
869550
870076
870598
871116
861970
862400
862784
863170
863560
863948
864340
864812
865256
865738
866176
866650
867142
867630
868124
868622
869136
869650
870172
870694
871220
861964
862396
862736
863134
863522
863908
864302
864772
865208
865686
866136
866610
867106
867588
868084
868574
869096
869624
870130
870656
871182
861898
862240
862600
862976
863356
863752
864150
864602
865056
865526
865974
866438
866924
867420
867920
868416
868926
869442
869962
870514
870900
861560
861912
862368
862718
863114
863484
863880
864284
864752
865186
865666
866122
866586
867080
867572
868068
868558
869076
869596
870114
870634
862062
862414
862788
863188
863570
863960
864352
864826
865276
865754
866198
866668
867164
867650
868142
868644
869156
869674
870190
870748
871274
862062
862414
862788
863188
863570
863960
864352
864826
865276
865754
866198
866668
867164
867650
868142
868644
869156
869674
870190
870748
871274
862062
862414
862788
863188
863570
863960
864352
864826
865276
865754
866198
866668
867164
867650
868142
868644
869156
869674
870190
870748
871274
862808
863204
863590
863988
864388
864868
865268
865744
866186
866656
867148
867634
868130
868628
869142
869662
870180
870732
871262
862062
862414
862788
863188
863570
863960
864352
864826
865276
865754
866198
866668
867164
867650
868142
868644
869156
869674
870190
870748
871274
867240
867734
868226
868728
869248
869768
870316
870842
867358
867610
867856
868108
868274
868602
868774
869120
869320
869636
869840
870158
870392
870678
870934
871206
866222
866680
867174
867658
868154
868654
869166
869680
870204
870754
871284
862196
862560
862940
863312
863698
864098
864510
864994
865452
865902
866364
866750
867260
867748
868246
868742
869258
869784
870334
870856
861944
862318
862768
863164
863548
863944
864332
864800
865240
865714
866168
866640
867134
867620
868120
868610
869126
869648
870164
870688
871216
867902
868398
868904
869294
869820
870372
870896
867902
868398
868904
869294
869820
870372
870896
864498
864992
865448
865896
866356
866752
867244
867740
868234
868738
869260
869782
870324
870852
863322
863706
864106
864512
865008
865474
865916
866386
866856
867352
867854
868268
868772
869312
869842
870388
870938
862006
862006
862286
862286
862642
862642
863036
863036
863408
863408
863806
863806
864206
864206
864682
864682
865118
865118
865590
865590
866044
866044
866512
866512
867004
867004
867990
867990
868486
868486
869002
869002
869514
869514
870036
870036
870564
870564
871086
871086
863780
863780
867752
868252
868750
869262
869788
870338
870864
863282
863672
864074
864476
864960
865342
865820
866270
866764
867264
867758
868262
868766
869308
869832
870380
870942
862522
862910
863272
863660
864060
864466
864950
865316
865796
866256
866732
867234
867728
868222
868726
869244
869764
870836
861884
862216
862578
862968
863338
863728
864130
864584
865038
865506
865956
866426
866906
867400
867896
868390
868896
869288
869810
870362
870884
864410
864888
865350
865826
866774
867278
867770
868280
868784
869328
869850
870406
870950
